2210
4560
4720
6860
6900
8190
8870
10220
12100
12110
12120
12130
12140
12150
12220
21090
21100
21680
21690
22380
24240
28000
33930
34870
42670
42700
45740
45770
48190
49520
50130
50300
55110
55150
55230
57900
67370
102840
102850
110800
115320
201810
202970
203140
203160
208200
208650
209650
211160
211400
214250
214490
214630
217140
218620
218640
219150
221040
221100
223100
223470
224600
225540
225840
231430
232090
232770
233130
234140
235460
239140
240760
241620
242760
246580
247660
251270
252490
253110
257970
258180
261640
265550
266050
268050
271590
277590
279640
287290
287700
290650
292730
295950
296470
298260
302510
302910
306130
307290
307690
307780
311210
311340
313140
318220
319970
321060
326150
329430
330830
337000
339340
339800
341940
342180
345230
348020
350080
356190
356570
358770
360430
364390
365590
371120
371660
377160
379720
381050
383150
383180
384920
387930
390340
390970
391220
394010
396310
397660
398120
402620
402880
403640
404590
408000
409710
409720
414340
414740
418370
420950
423950
426000
427980
432020
433100
434050
435100
438740
440900
443980
445750
449800
458380
460790
460810
465280
465510
467660
469820
473740
476600
485380
488790
489240
489830
494460
494470
499210
501590
502280
505070
505170
507010
512830
517630
524220
526180
529000
529520
530620
532210
535530
543460
545030
546150
555450
558870
560000
562480
564900
569760
570500
570970
572170
576960
577290
581810
588420
592750
599080
601050
601150
601430
603120
604170
611660
611670
611790
612880
613610
614570
618050
619910
620590
626200
633370
638970
639780
639790
650000
660990
662210
662660
666080
674380
674980
675030
687260
703140
704680
712390
714370
718530
720250
726360
729030
729040
743090
750920
754620
758050
758280
775270
778390
789910
790540
791020
792670
793410
794600
797040
804830
814380
818940
823550
825300
841460
844620
854870
855630
857480
859680
861350
862480
866180
868320
868980
873190
876340
878580
883710
883830
890500
893180
912020
916060
916940
928520
947830
958480
960030
961640
962380
965810
966460
968540
973090
974920
975000
976340
980830
997000
1013180
1014730
1018810
1021860
1031920
